ghci> numbers = [1,4,3,5,2]
ghci> numbers
[1,4,3,5,2]
ghci> a = [1..100]
ghci> a
[1,2,3,4,5,6,7,8,9,10,11,12,13,14,15,16,17,18,19,20,21,22,23,24,25,26,27,28,29,30,31,32,33,34,35,36,37,38,39,40,41,42,43,44,45,46,47,48,49,50,51,52,53,54,55,56,57,58,59,60,61,62,63,64,65,66,67,68,69,70,71,72,73,74,75,76,77,78,79,80,81,82,83,84,85,86,87,88,89,90,91,92,93,94,95,96,97,98,99,100]
ghci> c = [x*2+5 | x <- a, x `mod` 7 == 0]
ghci> c
[19,33,47,61,75,89,103,117,131,145,159,173,187,201]
ghci> take 3 c
[19,33,47]
ghci>


ghci> alist = [1..20]
ghci> boomBangs blist = [if even x then "Boom!"else "Bang!" | x <- blist]
ghci> boomBangs alist
["Bang!","Boom!","Bang!","Boom!","Bang!","Boom!","Bang!","Boom!","Bang!","Boom!","Bang!","Boom!","Bang!","Boom!","Bang!","Boom!","Bang!","Boom!","Bang!","Boom!"]

ghci> [x*y | x<-[1..3], y<-[5..15]]
[5,6,7,8,9,10,11,12,13,14,15,10,12,14,16,18,20,22,24,26,28,30,15,18,21,24,27,30,33,36,39,42,45]
ghci> [(x,y) | x<-[1..3], y<-[5..15]]
[(1,5),(1,6),(1,7),(1,8),(1,9),(1,10),(1,11),(1,12),(1,13),(1,14),(1,15),(2,5),(2,6),(2,7),(2,8),(2,9),(2,10),(2,11),(2,12),(2,13),(2,14),(2,15),(3,5),(3,6),(3,7),(3,8),(3,9),(3,10),(3,11),(3,12),(3,13),(3,14),(3,15)]

ghci> length' l = sum[1 | _ <- l]
ghci> length' "Murkz"
5
